Hauteur = 3.000000 et largeur = 5.000000
Projection terminée
Ligne : 0
Ligne : 1
Ligne : 2
Pixelisation terminée
{  ( 10, 6 ) :[ 0 ] ,
 ( 10, 5 ) :[ 0 ] ,
 ( 10, 4 ) :[ 0 ] ,
 ( 10, 3 ) :[ 0 ] ,
 ( 12, 2 ) :[ 0 ] ,
 ( 11, 2 ) :[ 0 ] ,
 ( 12, 1 ) :[ 0 ,0 ] ,
 ( 12, 0 ) :[ 0 ] ,
 ( 12, -1 ) :[ 0 ] ,
 ( 11, 1 ) :[ 0 ,0 ] ,
 ( 11, 0 ) :[ 0 ] ,
 ( 11, -1 ) :[ 0 ] ,
 ( 12, -2 ) :[ 0 ,0 ] ,
 ( 12, -3 ) :[ 0 ] ,
 ( 11, -2 ) :[ 0 ,0 ] ,
 ( 11, -3 ) :[ 0 ] ,
 ( 10, -4 ) :[ 0 ] ,
 ( 10, -5 ) :[ 0 ] ,
 ( 10, -6 ) :[ 0 ] ,
 ( 10, -7 ) :[ 0 ] ,
 ( 12, 7 ) :[ 255 ] ,
 ( 12, 6 ) :[ 255 ,0 ] ,
 ( 12, 5 ) :[ 255 ,0 ] ,
 ( 12, 4 ) :[ 255 ,0 ] ,
 ( 12, 3 ) :[ 255 ,0 ,0 ] ,
 ( 11, 7 ) :[ 255 ] ,
 ( 11, 6 ) :[ 255 ,0 ] ,
 ( 11, 5 ) :[ 255 ,0 ] ,
 ( 11, 4 ) :[ 255 ,0 ] ,
 ( 11, 3 ) :[ 255 ,0 ,0 ] ,
 ( 14, 3 ) :[ 0 ,255 ] ,
 ( 14, 2 ) :[ 0 ] ,
 ( 13, 3 ) :[ 0 ,255 ,0 ,0 ] ,
 ( 13, 2 ) :[ 0 ,0 ] ,
 ( 15, 0 ) :[ 255 ] ,
 ( 15, -1 ) :[ 255 ] ,
 ( 14, 1 ) :[ 255 ,0 ] ,
 ( 14, 0 ) :[ 255 ] ,
 ( 14, -1 ) :[ 255 ] ,
 ( 13, 1 ) :[ 255 ,0 ,0 ,0 ] ,
 ( 13, 0 ) :[ 255 ,0 ] ,
 ( 13, -1 ) :[ 255 ,0 ] ,
 ( 14, -2 ) :[ 0 ,255 ] ,
 ( 14, -3 ) :[ 0 ] ,
 ( 13, -2 ) :[ 0 ,255 ,0 ,0 ] ,
 ( 13, -3 ) :[ 0 ,0 ] ,
 ( 14, -4 ) :[ 0 ,0 ] ,
 ( 13, -4 ) :[ 0 ,0 ,0 ,0 ] ,
 ( 12, -4 ) :[ 0 ,0 ,0 ] ,
 ( 12, -5 ) :[ 0 ,0 ] ,
 ( 12, -6 ) :[ 0 ,0 ] ,
 ( 12, -7 ) :[ 0 ,0 ] ,
 ( 12, -8 ) :[ 0 ] ,
 ( 11, -4 ) :[ 0 ,0 ,0 ] ,
 ( 11, -5 ) :[ 0 ,0 ] ,
 ( 11, -6 ) :[ 0 ,0 ] ,
 ( 11, -7 ) :[ 0 ,0 ] ,
 ( 11, -8 ) :[ 0 ] ,
 ( 18, 10 ) :[ 0 ] ,
 ( 18, 9 ) :[ 0 ] ,
 ( 18, 8 ) :[ 0 ] ,
 ( 18, 7 ) :[ 0 ] ,
 ( 17, 10 ) :[ 0 ] ,
 ( 17, 9 ) :[ 0 ] ,
 ( 17, 8 ) :[ 0 ] ,
 ( 17, 7 ) :[ 0 ] ,
 ( 16, 10 ) :[ 0 ] ,
 ( 16, 9 ) :[ 0 ] ,
 ( 16, 8 ) :[ 0 ] ,
 ( 16, 7 ) :[ 0 ] ,
 ( 15, 10 ) :[ 0 ] ,
 ( 15, 9 ) :[ 0 ] ,
 ( 15, 8 ) :[ 0 ] ,
 ( 15, 7 ) :[ 0 ,255 ] ,
 ( 14, 10 ) :[ 0 ] ,
 ( 14, 9 ) :[ 0 ] ,
 ( 14, 8 ) :[ 0 ] ,
 ( 14, 7 ) :[ 0 ,255 ] ,
 ( 14, 6 ) :[ 0 ,255 ] ,
 ( 14, 5 ) :[ 0 ,255 ] ,
 ( 14, 4 ) :[ 0 ,0 ,255 ] ,
 ( 13, 10 ) :[ 0 ] ,
 ( 13, 9 ) :[ 0 ] ,
 ( 13, 8 ) :[ 0 ] ,
 ( 13, 7 ) :[ 0 ,255 ] ,
 ( 13, 6 ) :[ 0 ,255 ,0 ] ,
 ( 13, 5 ) :[ 0 ,255 ,0 ] ,
 ( 13, 4 ) :[ 0 ,0 ,255 ,0 ] ,
 ( 19, 6 ) :[ 0 ] ,
 ( 19, 5 ) :[ 0 ] ,
 ( 19, 4 ) :[ 0 ] ,
 ( 19, 3 ) :[ 0 ] ,
 ( 18, 6 ) :[ 0 ,0 ] ,
 ( 18, 5 ) :[ 0 ,0 ] ,
 ( 18, 4 ) :[ 0 ,0 ] ,
 ( 18, 3 ) :[ 0 ] ,
 ( 17, 6 ) :[ 0 ,0 ] ,
 ( 17, 5 ) :[ 0 ,0 ] ,
 ( 17, 4 ) :[ 0 ,0 ] ,
 ( 17, 3 ) :[ 0 ] ,
 ( 16, 6 ) :[ 0 ,0 ] ,
 ( 16, 5 ) :[ 0 ,0 ] ,
 ( 16, 4 ) :[ 0 ,0 ,0 ] ,
 ( 16, 3 ) :[ 0 ,0 ] ,
 ( 15, 6 ) :[ 0 ,0 ,255 ] ,
 ( 15, 5 ) :[ 0 ,0 ,255 ] ,
 ( 15, 4 ) :[ 0 ,0 ,0 ,255 ] ,
 ( 15, 3 ) :[ 0 ,0 ,255 ] ,
 ( 15, 2 ) :[ 0 ,0 ] ,
 ( 15, 1 ) :[ 0 ,255 ,0 ] ,
 ( 19, 2 ) :[ 0 ,0 ] ,
 ( 19, 1 ) :[ 0 ,0 ] ,
 ( 19, 0 ) :[ 0 ] ,
 ( 19, -1 ) :[ 0 ] ,
 ( 18, 2 ) :[ 0 ,0 ] ,
 ( 18, 1 ) :[ 0 ,0 ] ,
 ( 18, 0 ) :[ 0 ] ,
 ( 18, -1 ) :[ 0 ] ,
 ( 17, 2 ) :[ 0 ,0 ] ,
 ( 17, 1 ) :[ 0 ,0 ] ,
 ( 17, 0 ) :[ 0 ] ,
 ( 17, -1 ) :[ 0 ] ,
 ( 16, 2 ) :[ 0 ,0 ,0 ] ,
 ( 16, 1 ) :[ 0 ,0 ,255 ,0 ] ,
 ( 16, 0 ) :[ 0 ,255 ] ,
 ( 16, -1 ) :[ 0 ,255 ] ,
 ( 19, -2 ) :[ 0 ,0 ] ,
 ( 19, -3 ) :[ 0 ,0 ] ,
 ( 19, -4 ) :[ 0 ] ,
 ( 19, -5 ) :[ 0 ] ,
 ( 19, -6 ) :[ 0 ] ,
 ( 19, -7 ) :[ 0 ] ,
 ( 18, -2 ) :[ 0 ,0 ] ,
 ( 18, -3 ) :[ 0 ,0 ] ,
 ( 18, -4 ) :[ 0 ] ,
 ( 17, -2 ) :[ 0 ,0 ] ,
 ( 17, -3 ) :[ 0 ,0 ] ,
 ( 17, -4 ) :[ 0 ] ,
 ( 16, -2 ) :[ 0 ,0 ,0 ,255 ] ,
 ( 16, -3 ) :[ 0 ,0 ,0 ] ,
 ( 16, -4 ) :[ 0 ,0 ] ,
 ( 15, -2 ) :[ 0 ,0 ,255 ] ,
 ( 15, -3 ) :[ 0 ,0 ] ,
 ( 15, -4 ) :[ 0 ,0 ,0 ] ,
 ( 18, -5 ) :[ 255 ,0 ] ,
 ( 18, -6 ) :[ 255 ,0 ] ,
 ( 18, -7 ) :[ 255 ,0 ] ,
 ( 18, -8 ) :[ 255 ] ,
 ( 18, -9 ) :[ 255 ] ,
 ( 18, -10 ) :[ 255 ] ,
 ( 18, -11 ) :[ 255 ] ,
 ( 17, -5 ) :[ 255 ,0 ] ,
 ( 17, -6 ) :[ 255 ,0 ] ,
 ( 17, -7 ) :[ 255 ,0 ] ,
 ( 17, -8 ) :[ 255 ] ,
 ( 17, -9 ) :[ 255 ] ,
 ( 17, -10 ) :[ 255 ] ,
 ( 17, -11 ) :[ 255 ] ,
 ( 16, -5 ) :[ 255 ,0 ,0 ] ,
 ( 16, -6 ) :[ 255 ,0 ] ,
 ( 16, -7 ) :[ 255 ,0 ] ,
 ( 16, -8 ) :[ 255 ] ,
 ( 16, -9 ) :[ 255 ] ,
 ( 16, -10 ) :[ 255 ] ,
 ( 16, -11 ) :[ 255 ] ,
 ( 15, -5 ) :[ 255 ,0 ,0 ,0 ] ,
 ( 15, -6 ) :[ 255 ,0 ,0 ] ,
 ( 15, -7 ) :[ 255 ,0 ,0 ] ,
 ( 15, -8 ) :[ 255 ,0 ] ,
 ( 15, -9 ) :[ 255 ] ,
 ( 15, -10 ) :[ 255 ] ,
 ( 15, -11 ) :[ 255 ] ,
 ( 14, -5 ) :[ 255 ,0 ,0 ] ,
 ( 14, -6 ) :[ 255 ,0 ] ,
 ( 14, -7 ) :[ 255 ,0 ] ,
 ( 14, -8 ) :[ 255 ,0 ] ,
 ( 14, -9 ) :[ 255 ] ,
 ( 14, -10 ) :[ 255 ] ,
 ( 14, -11 ) :[ 255 ] ,
 ( 13, -5 ) :[ 255 ,0 ,0 ,0 ] ,
 ( 13, -6 ) :[ 255 ,0 ,0 ] ,
 ( 13, -7 ) :[ 255 ,0 ,0 ] ,
 ( 13, -8 ) :[ 255 ,0 ] ,
 ( 13, -9 ) :[ 255 ] ,
 ( 13, -10 ) :[ 255 ] ,
 ( 13, -11 ) : [ 255 ] }

Transformation en image terminée